tone 0 73 1072
he__ 181 0 1180
priz 0 73 1072
she_ 143 0 1142
guar 0 43 1042
lor_ 126 0 1125
ppm_ 0 40 1039
da__ 121 0 1120
cs__ 0 37 1036
oh__ 99 0 1098
pobo 0 34 1033
too_ 95 0 1094
poly 0 28 1027
doin 82 0 1081
vali 0 24 1023
prob 80 0 1079
mob_ 0 21 1020
ask_ 78 0 1077
opto 0 21 1020
say_ 75 0 1074
unsu 0 19 1018
morn 75 0 1074
sae_ 0 18 1017
said 70 0 1069
http 0 16 1015
amp_ 67 0 1066
hl__ 0 15 1014
sure 66 0 1065
txts 0 14 1013
smil 65 0 1064
gbp_ 0 14 1013
cos_ 63 0 1062
bonu 0 14 1013
didn 62 0 1061
lol_ 61 0 1060
mean 61 0 1060
watc 60 0 1059
gud_ 60 0 1059
clai 1 88 583.186
uk__ 1 57 377.746
awar 1 48 318.102
www_ 2 77 255.144
vouc 1 28 185.559
code 1 24 159.051
p___ 6 135 149.11
awai 1 22 145.797
noki 3 63 139.169
co__ 2 38 125.915
club 1 18 119.288
vide 2 34 112.661
subs 1 17 112.661
expi 1 16 106.034
fant 1 16 106.034
po__ 2 30 99.4068
iden 1 15 99.4068
auct 1 15 99.4068
land 4 59 97.75
mths 1 14 92.7797
box_ 4 48 79.5254
entr 2 23 76.2119
mobi 13 131 66.781
txt_ 13 130 66.2712
priv 2 18 59.6441
serv 7 60 56.8039
cust 7 56 53.0169
rate 3 22 48.5989
reve 2 14 46.3898
draw 5 34 45.0644
sele 3 19 41.9718
oran 4 25 41.4195
musi 3 18 39.7627
cash 12 69 38.1059
netw 5 25 33.1356
win_ 12 57 31.4788
urge 10 47 31.1475
winn 3 14 30.9266
row_ 3 14 30.9266
upda 4 17 28.1653
deli 6 25 27.613
won_ 14 55 26.0351
com_ 12 47 25.9562
per_ 8 31 25.6801
age_ 5 19 25.1831
offe 9 34 25.0358
mins 11 41 24.7011
poun 5 18 23.8576
free 59 212 23.8127
j___ 4 14 23.1949
chat 12 40 22.0904
wk__ 6 20 22.0904
line 10 33 21.8695
doub 6 19 20.9859
ring 14 43 20.3547
stop 37 111 19.8814
w___ 13 38 19.3716
cost 12 35 19.3291
cont 22 62 18.6764
suit 5 14 18.5559
colo 7 19 17.9879
cred 6 16 17.6723
cong 7 18 17.0412
stat 7 17 16.0944
gift 7 16 15.1477
hrs_ 9 20 14.7269
holi 12 26 14.3588
appl 10 21 13.9169
game 11 22 13.2542
orde 7 14 13.2542
repl 47 94 13.2542
text 68 122 11.8898
atte 8 14 11.5975
info 13 22 11.2151
pric 9 15 11.0452
min_ 22 34 10.2419
char 19 28 9.76628
rece 19 28 9.76628
coll 29 42 9.5979
sms_ 21 30 9.46731
our_ 48 68 9.38842
pm__ 19 25 8.71989
call 258 329 8.45086
poin 12 15 8.2839
live 21 26 8.205
new_ 55 62 7.47057
st__ 20 22 7.28983
week 78 84 7.1369
came 28 30 7.10048
fina 15 16 7.06893
from 120 115 6.35099
c___ 52 49 6.24478
msg_ 50 47 6.22949
show 37 32 5.73156
acco 24 20 5.5226
or__ 191 159 5.51682
play 30 22 4.85989
comp 44 32 4.81972
chan 41 29 4.68747
spec 33 22 4.41808
now_ 245 159 4.30086
only 110 71 4.2775
help 36 23 4.23399
phon 72 46 4.23399
who_ 61 38 4.12837
plea 70 43 4.07094
your 357 217 4.02825
mess 71 42 3.92027
word 31 18 3.848
find 47 27 3.80707
days 26 14 3.56845
shop 29 15 3.42782
ur__ 217 111 3.38991
numb 52 26 3.31356
send 124 61 3.26011
been 73 35 3.17739
x___ 42 18 2.84019
to__ 1292 535 2.7442
for_ 417 171 2.7176
b___ 63 23 2.41942
with 259 93 2.37962
next 39 14 2.37897
on__ 328 117 2.36394
more 71 25 2.33349
has_ 71 25 2.33349
a___ 894 290 2.14974
happ 153 1 23.087
did_ 102 1 15.3913
much 102 1 15.3913
way_ 88 1 13.2788
my__ 613 7 13.2141
wat_ 86 1 12.977
ok__ 233 3 11.7195
yeah 72 1 10.8645
alre 71 1 10.7136
slee 69 1 10.4118
sorr 130 2 9.80818
thou 62 1 9.3555
but_ 356 6 8.95311
work 116 2 8.75192
plan 57 1 8.60102
ll__ 216 4 8.14834
goin 158 3 7.94714
how_ 248 5 7.4844
wher 97 2 7.31841
was_ 188 4 7.09207
i___ 2392 57 6.3323
him_ 83 2 6.26215
come 192 5 5.79437
got_ 188 5 5.67366
its_ 181 5 5.4624
leav 71 2 5.35678
love 228 7 4.91487
when 251 8 4.73434
wish 62 2 4.67775
then 186 6 4.67775
also 62 2 4.67775
me__ 640 21 4.59871
very 60 2 4.52685
nigh 90 3 4.52685
righ 82 3 4.12447
feel 81 3 4.07417
abou 127 5 3.83274
hope 101 4 3.8101
home 126 5 3.80256
good 221 9 3.70531
afte 95 4 3.58376
it__ 578 25 3.4887
one_ 137 6 3.44544
well 90 4 3.39514
hey_ 90 4 3.39514
that 481 22 3.29912
need 150 7 3.23347
like 208 10 3.13862
not_ 329 16 3.10278
so__ 363 18 3.04305
stil 119 6 2.99275
woul 59 3 2.9676
miss 111 6 2.79156
what 260 15 2.61552
pick 69 4 2.60294
life 67 4 2.52749
thin 232 14 2.50055
shou 82 5 2.47468
at__ 290 18 2.43109
time 173 11 2.37317
here 94 6 2.36402
hear 78 5 2.35396
if__ 293 19 2.32696
even 76 5 2.29361
keep 58 4 2.18798
let_ 58 4 2.18798
pls_ 101 7 2.1772
ther 172 12 2.16283
can_ 346 25 2.08839
up__ 230 17 2.04152
d___ 108 8 2.03708
do__ 310 23 2.0338
them 67 5 2.02199
im__ 67 5 2.02199
